[0.546418
,0.392431
,0.382639
,0.364717
,0.319614
,0.268391
,0.194470
,0.184958
,0.141364
,0.138417
,0.112673
,0.098901
,0.086830
,0.084705
,0.078307
,0.050523
,0.048808
,0.047860
,0.044859
,0.043316
,0.042696
,0.039247
,0.038717
,0.034439
,0.033996
,0.033030
,0.032552
,0.030103
,0.025763
,0.023175
,0.015958
,0.015851
,0.014160
,0.013750
,0.013429
,0.013289
,0.010480
,0.009119
,0.008546
,0.008495
,0.007961
,0.006968
,0.004846
,0.003148
,0.002786
,0.002117
,0.001819
,0.001305
,0.001178
,0.000843
,0.000841
,0.000548
,0.000286
,0.000238
,0.000036
,0.000011
,0.000000
,0.000000
,0.000000
,0.000000
,0.000000
,0.000000
,0.000000
,0.000000
